11.0 27.3 1 17 31 1 15 16 1 
12.4 21.9 1 11 6 0 9 3 0 
12.0 27.3 1 6 4 1 11 6 0 
10.1 27.3 1 3 14 0 17 31 1 
11.0 27.3 1 9 3 0 18 28 0 
11.2 26.2 0 18 28 0 17 31 1 
12.7 25.8 1 3 15 1 9 3 0 
10.9 27.3 0 11 6 0 15 16 1 
10.1 27.3 0 2 30 1 3 14 0 
11.2 26.2 1 18 28 0 15 16 1 
8.4 23.0 1 17 31 1 3 14 0 
11.1 26.2 0 15 16 1 18 28 0 
10.5 26.5 0 6 4 1 18 28 0 
11.1 26.2 0 3 14 0 14 29 1 
12.7 25.9 1 2 30 1 21 3 0 
11.1 26.2 0 18 28 0 15 16 1 
8.4 23.0 1 21 3 0 15 16 1 
10.1 27.3 1 6 4 1 17 31 1 
10.1 27.3 1 18 28 0 17 31 1 
10.9 27.3 1 3 14 0 2 30 1 
10.0 27.3 0 2 30 1 18 28 0 
10.9 27.3 1 15 16 1 3 15 1