11.0 27.3 1 
12.4 21.9 1 
12.0 27.3 1 
10.1 27.3 1 
11.0 27.3 1 
11.2 26.2 0 
12.7 25.8 1 
10.9 27.3 0 
10.1 27.3 0 
11.2 26.2 1 
8.4 23.0 1 
11.1 26.2 0 
10.5 26.5 0 
11.1 26.2 0 
12.7 25.9 1 
11.1 26.2 0 
8.4 23.0 1 
10.1 27.3 1 
10.1 27.3 1 
10.9 27.3 1 
10.0 27.3 0 
10.9 27.3 1 
11.0 27.3 1 
12.0 27.2 1 
11.1 26.2 1 
11.1 26.2 0 
11.1 26.2 0 
11.2 26.2 1 
11.0 27.3 1 
11.9 27.2 1 
14.4 17.2 1 
11.1 26.2 1 
12.5 26.9 0 
12.0 27.3 1 
11.1 26.2 1 
12.7 25.8 1 
10.1 27.3 1 
8.5 26.2 1 
12.3 21.9 1 
12.7 25.8 1 
10.9 27.3 0 
12.0 27.2 1 
10.0 27.3 0 
12.3 21.9 0 
11.0 27.2 0 
8.8 22.0 1 
11.0 27.3 1 
10.9 27.3 1 
11.1 26.2 0 
11.1 27.2 1 
11.9 27.2 0 
10.9 27.3 1 
11.9 27.2 1 
10.9 27.3 1 
11.0 27.3 0 
8.4 23.0 1 
11.0 27.3 1 
11.2 26.2 0 
11.0 27.3 0 
12.6 25.8 0 
8.5 26.2 1 
11.0 27.1 1 
11.0 27.3 1 
13.6 25.5 0 
11.1 27.1 1 
11.0 27.3 1 
12.6 25.8 1 
10.1 26.3 1 
9.7 9.8 0 
10.1 27.3 1 
10.1 27.3 1 
12.0 27.2 1 
11.0 27.3 0 
10.1 27.3 0 
12.0 27.2 0 
11.1 27.1 0 
11.0 27.3 0 
11.0 27.3 1 
11.0 27.3 0 
11.2 26.2 1 
11.1 26.2 1 
11.3 26.1 1 
12.6 25.8 1 
12.7 25.7 0 
11.0 27.3 1 
12.0 27.2 0 
10.0 27.3 1 
12.0 27.2 1 
12.3 21.9 1 
10.1 26.3 1 
12.7 25.9 1 
12.7 25.9 0 
12.0 27.2 0 
12.0 27.3 1 
11.8 26.0 0 
11.0 27.1 1 
8.5 26.2 1 
12.7 25.8 1 
10.0 27.3 1 
12.0 27.2 1 
9.7 9.9 0 
11.1 26.2 1 
12.0 27.2 0 
6.1 10.8 1 
12.1 20.7 1 
12.7 25.8 1 
12.6 25.8 1 
12.0 27.2 0 
12.7 25.8 1 
11.1 26.2 1 
10.5 26.4 1 
12.0 27.2 1 
10.1 27.3 1 
13.2 26.4 1 
12.0 27.2 1 
12.7 25.8 1 
12.6 25.8 1 
12.7 25.8 1 
12.6 25.8 1 
10.1 27.3 0 
12.0 27.2 1 
10.0 27.3 1 
10.5 26.4 1 
12.7 25.8 1 
10.1 26.3 1 
11.2 26.2 1 
12.7 25.8 1 
10.3 26.3 1 
11.1 27.2 1 
11.9 27.1 1 
13.2 19.7 1 
10.4 24.4 1 
10.1 27.3 0 
12.1 20.7 1 
11.2 26.2 0 
11.9 27.2 1 
11.0 27.2 0 
15.0 25.2 1 
12.6 25.8 1 
10.9 27.3 1 
9.7 9.9 1 
9.5 26.8 0 
11.0 27.2 0 
12.7 25.8 1 
11.0 27.2 1 
9.7 9.8 0 
10.5 26.4 0 
12.0 27.2 1 
9.7 9.8 0 
11.9 27.2 0 
12.0 27.2 0 
12.7 25.9 0 
10.1 27.3 0 
11.9 25.0 1 
11.9 25.0 0 
11.2 26.2 1 
11.2 26.2 1 
15.0 25.2 1 
10.5 26.5 0 
13.0 20.7 0 
12.3 21.9 1 
11.0 27.2 1 
10.0 27.3 1 
12.0 20.3 0 
10.9 27.3 0 
11.4 27.0 1 
12.0 27.2 0 
12.7 25.8 0 
12.0 27.2 1 
12.6 25.8 1 
12.0 27.2 1 
13.6 25.6 0 
11.9 27.1 1 
12.6 25.8 1 
10.5 26.4 1 
11.5 9.2 1 
12.1 20.7 0 
11.1 27.2 1 
12.0 27.2 1 
10.5 26.4 0 
12.0 27.2 1 
9.5 26.8 1 
12.7 25.7 1 
12.6 25.8 1 
10.1 26.3 1 
11.2 26.2 1 
11.1 26.2 1 
12.7 25.8 1 
11.5 9.2 0 
10.1 27.3 1 
10.0 27.3 0 
10.1 27.3 1 
12.0 27.2 0 
10.2 26.3 1 
10.9 27.3 0 
10.9 27.3 0 
10.9 27.3 1 
12.0 27.3 1 
10.2 26.3 1 
12.7 25.8 1
