11 27 1 
12 21 1 
11 27 1 
10 27 1 
10 27 1 
11 26 0 
12 25 1 
10 27 0 
10 27 0 
11 26 1 
8 23 1 
11 26 0 
10 26 0 
11 26 0 
12 25 1 
11 26 0 
8 23 1 
10 27 1 
10 27 1 
10 27 1 
10 27 0 
10 27 1 
10 27 1 
11 27 1 
11 26 1 
11 26 0 
11 26 0 
11 26 1 
10 27 1 
11 27 1 
14 17 1 
11 26 1 
12 26 0 
11 27 1 
11 26 1 
12 25 1 
10 27 1 
8 26 1 
12 21 1 
12 25 1 
10 27 0 
11 27 1 
10 27 0 
12 21 0 
11 27 0 
8 22 1 
11 27 1 
10 27 1 
11 26 0 
11 27 1 
11 27 0 
10 27 1 
11 27 1 
10 27 1 
10 27 0 
8 23 1 
10 27 1 
11 26 0 
10 27 0 
12 25 0 
8 26 1 
11 27 1 
10 27 1 
13 25 0 
11 27 1 
10 27 1 
12 25 1 
10 26 1 
9 9 0 
10 27 1 
10 27 1 
11 27 1 
10 27 0 
10 27 0 
11 27 0 
11 27 0 
10 27 0 
10 27 1 
10 27 0 
11 26 1 
11 26 1 
11 26 1 
12 25 1 
12 25 0 
10 27 1 
11 27 0 
10 27 1 
11 27 1 
12 21 1 
10 26 1 
12 25 1 
12 25 0 
11 27 0 
11 27 1 
11 25 0 
11 27 1 
8 26 1 
12 25 1 
10 27 1 
11 27 1 
9 9 0 
11 26 1 
11 27 0 
6 10 1 
12 20 1 
12 25 1 
12 25 1 
11 27 0 
12 25 1 
11 26 1 
10 26 1 
11 27 1 
10 27 1 
13 26 1 
11 27 1 
12 25 1 
12 25 1 
12 25 1 
12 25 1 
10 27 0 
11 27 1 
10 27 1 
10 26 1 
12 25 1 
10 26 1 
11 26 1 
12 25 1 
10 26 1 
11 27 1 
11 27 1 
13 19 1 
10 24 1 
10 27 0 
12 20 1 
11 26 0 
11 27 1 
11 27 0 
14 25 1 
12 25 1 
10 27 1 
9 9 1 
9 26 0 
11 27 0 
12 25 1 
11 27 1 
9 9 0 
10 26 0 
11 27 1 
9 9 0 
11 27 0 
11 27 0 
12 25 0 
10 27 0 
11 25 1 
11 25 0 
11 26 1 
11 26 1 
14 25 1 
10 26 0 
13 20 0 
12 21 1 
11 27 1 
10 27 1 
11 20 0 
10 27 0 
11 26 1 
11 27 0 
12 25 0 
11 27 1 
12 25 1 
11 27 1 
13 25 0 
11 27 1 
12 25 1 
10 26 1 
11 9 1 
12 20 0 
11 27 1 
11 27 1 
10 26 0 
11 27 1 
9 26 1 
12 25 1 
12 25 1 
10 26 1 
11 26 1 
11 26 1 
12 25 1 
11 9 0 
10 27 1 
10 27 0 
10 27 1 
11 27 0 
10 26 1 
10 27 0 
10 27 0 
10 27 1 
11 27 1 
10 26 1 
12 25 1 
10 27 1 
10 26 0 
11 27 1 
10 27 0 
12 25 0 
11 27 0 
12 25 1 
12 25 1 
11 27 1 
11 26 0 
12 26 0 
11 27 1 
11 27 0 
11 27 1 
11 27 1 
13 25 0 
11 27 0 
9 9 0 
11 26 1 
11 27 1 
12 20 1 
12 25 1 
11 27 1 
10 27 0 
11 26 1 
8 23 0 
11 27 1 
11 27 1 
10 26 0 
10 27 0 
11 27 1 
11 26 1 
9 23 0 
11 27 1 
11 27 1 
12 25 0 
11 27 0 
7 24 1 
11 26 0 
10 26 1 
10 27 0 
10 27 0 
11 27 1 
11 27 1 
11 27 0 
11 27 0 
10 27 1 
11 26 0 
12 25 1 
12 25 0 
11 27 1 
12 25 1 
10 26 1 
11 27 1 
12 25 1 
10 27 1 
11 26 0 
10 26 0 
11 26 0 
11 27 0 
11 23 0 
10 27 1 
12 25 1 
11 27 0 
11 27 1 
10 26 1 
12 25 1 
11 27 1 
12 25 0 
12 25 1 
11 27 1 
11 26 1 
12 25 1 
12 25 0 
10 26 1 
12 25 0 
11 27 0 
11 26 1 
10 27 1 
11 26 1 
11 27 0 
10 26 0 
12 25 0 
10 26 0 
12 20 1 
12 25 0 
10 27 1 
10 27 1 
11 27 1 
11 27 1 
10 27 0 
10 27 1 
11 27 1 
11 27 1 
10 27 1 
10 27 1 
12 25 0 
10 26 0 
11 27 1 
11 26 1 
11 26 1 
12 25 1 
13 25 1 
11 26 1 
11 27 1 
12 25 1 
10 27 1 
12 21 0 
11 26 1 
12 25 1 
12 20 1 
11 26 1 
11 26 1 
10 27 1 
10 27 0 
12 25 1 
10 27 1 
10 26 1 
10 24 0 
12 25 1 
11 16 1 
11 27 1 
12 25 1 
11 27 1 
12 25 1 
11 27 0 
12 21 1 
8 23 1 
10 26 0 
11 26 1 
11 26 1 
11 27 1 
10 27 0 
10 26 1 
10 26 0 
10 27 1 
12 25 1 
10 27 0 
12 25 1 
10 26 1 
10 27 1 
13 20 0 
10 27 1 
10 27 0 
10 27 0 
11 27 1 
10 27 1 
10 27 1 
10 27 0 
12 25 0 
12 25 1 
10 26 1 
12 25 1 
11 27 1 
12 25 0 
11 26 1 
11 27 1 
12 25 1 
8 26 0 
12 25 1 
11 26 0 
11 27 1 
11 27 1 
10 27 1 
11 27 0 
11 27 0 
12 23 1 
12 25 1 
10 27 1 
11 27 1 
12 25 0 
11 27 0 
10 27 1 
11 27 1 
11 27 1 
10 27 1 
10 27 1 
11 27 1 
10 27 1 
12 25 1 
12 21 0 
11 26 0 
10 26 1 
10 27 0 
11 27 1 
12 25 1 
11 27 1 
8 26 1 
11 27 0 
12 25 1 
8 23 0 
11 27 1 
11 9 1 
12 25 0 
11 16 0 
12 25 0 
12 25 1 
11 26 1 
10 27 0 
11 26 1 
13 16 1 
12 25 1 
11 27 1 
12 18 1 
11 27 1 
12 25 1 
12 25 1 
11 27 0 
11 26 0 
11 9 1 
12 25 1 
12 20 0 
10 27 1 
8 23 0 
10 26 0 
11 26 0 
10 27 1 
11 27 1 
11 27 1 
11 27 0 
10 26 0 
11 27 0 
12 25 1 
11 27 1 
11 26 1 
11 27 1 
10 27 1 
10 27 1 
9 26 1 
11 27 1 
11 26 0 
11 27 1 
12 21 0 
10 27 1 
11 27 0 
11 27 1 
11 16 1 
11 27 1 
10 26 1 
10 22 0 
10 27 0 
10 27 1 
10 27 0 
11 26 0 
10 27 1 
12 25 1 
11 27 0 
10 27 0 
11 27 0 
11 27 1 
10 26 1 
10 26 1 
10 26 1 
10 27 1 
12 25 1 
12 25 1 
11 26 1 
11 27 1 
10 27 0 
10 27 1 
11 26 1 
11 27 1 
11 27 0 
11 26 1 
11 27 0 
11 27 1 
9 10 1 
11 27 1 
10 27 1 
11 27 0 
11 27 1 
11 26 1 
8 24 0 
12 25 1 
11 27 0 
10 27 1 
10 27 1 
10 26 1 
11 27 1 
12 25 1 
11 27 1 
11 27 1 
10 27 1 
11 27 0 
11 27 1 
11 26 0 
10 27 1 
10 27 1 
11 27 0 
10 27 1 
10 26 1 
8 23 1 
11 26 1 
12 25 1 
11 26 0 
11 27 0 
12 25 0 
10 27 1 
10 27 0 
11 27 1 
11 27 1 
11 27 0 
10 26 0 
10 27 1 
11 27 1 
12 25 1 
10 26 1 
10 27 0 
10 27 0 
11 27 1 
10 26 1 
10 27 0 
11 26 0 
8 26 1 
11 27 1 
11 27 0 
12 25 1 
10 27 1 
11 27 1 
11 27 0 
10 27 1 
11 26 1 
12 25 1 
12 25 1 
10 27 1 
11 27 0 
11 27 1 
11 27 0 
10 26 1 
11 27 1 
12 19 0 
9 9 1 
11 27 0 
10 27 0 
12 25 1 
12 25 1 
11 27 1 
10 27 1 
12 25 0 
12 25 0 
8 26 1 
12 23 1 
11 27 1 
12 25 1 
11 27 0 
11 27 0 
11 27 1 
11 26 1 
12 26 1 
10 27 0 
10 27 1 
11 27 1 
11 27 1 
11 26 0 
10 27 1 
11 27 0 
12 25 1 
11 27 1 
11 27 1 
11 27 1 
12 23 1 
12 24 0 
9 26 1 
11 26 0 
12 25 1 
11 27 1 
11 27 1 
10 27 1 
12 25 1 
10 27 1 
8 26 0 
10 27 0 
10 26 0 
11 26 0 
11 27 0 
11 27 1 
12 25 1 
10 27 1 
10 26 0 
11 27 1 
11 27 1 
12 25 0 
12 24 0 
11 27 1 
11 27 1 
12 25 1 
11 27 0 
10 26 1 
12 25 1 
11 25 0 
11 27 1 
10 27 0 
10 26 0 
11 27 1 
12 25 0 
11 27 1 
9 9 0 
9 23 1 
11 26 0 
11 26 1 
12 21 0 
12 25 0 
10 27 1 
11 27 1 
10 27 1 
12 25 1 
11 27 0 
13 20 1 
10 27 0 
11 26 1 
11 26 1 
10 27 1 
12 25 1 
10 26 1 
10 27 1 
11 27 0 
11 26 1 
11 27 0 
11 27 0 
12 25 1 
10 27 1 
10 27 1 
12 25 1 
10 26 0 
10 27 0 
12 25 1 
10 26 1 
11 27 0 
10 27 1 
10 27 1 
9 9 0 
11 26 1 
11 27 1 
12 25 1 
12 25 1 
10 27 1 
12 25 0 
10 27 1 
10 27 1 
10 26 1 
11 27 1 
11 26 1 
10 27 1 
11 27 1 
11 27 1 
11 26 1 
12 20 1 
11 27 0 
11 27 1 
11 27 1 
10 26 0 
11 16 1 
8 23 1 
11 27 0 
10 27 0 
10 27 1 
12 25 0 
12 25 1 
12 25 1 
10 26 1 
10 26 1 
10 26 1 
12 25 0 
12 25 1 
12 25 1 
12 24 1 
8 26 1 
10 27 0 
10 27 0 
12 25 1 
11 27 1 
11 26 1 
11 27 1 
12 25 1 
11 27 1 
12 23 1 
12 25 0 
12 25 0 
10 26 1 
11 27 1 
10 27 1 
10 27 1 
11 27 1 
12 25 0 
10 27 1 
12 25 0 
11 27 1 
10 22 0 
11 26 1 
12 25 1 
11 27 0 
10 27 0 
10 27 0 
10 26 1 
12 21 1 
10 26 1 
12 25 1 
12 25 0 
10 27 1 
11 27 1 
11 26 0 
12 25 1 
10 26 0 
12 25 1 
10 26 1 
10 27 0 
10 26 1 
11 27 0 
10 27 0 
10 27 1 
10 27 1 
12 25 1 
11 27 0 
11 27 1 
10 26 1 
11 27 0 
10 26 1 
11 26 1 
10 26 1 
9 26 0 
11 11 1 
10 27 1 
10 26 0 
8 23 1 
11 27 0 
10 27 1 
11 16 0 
10 27 1 
10 26 0 
11 27 1 
8 26 1 
12 24 1 
12 25 1 
11 27 1 
10 27 1 
12 21 1 
10 27 1 
10 26 1 
10 26 0 
11 27 0 
12 25 1 
12 25 1 
11 11 1 
11 27 1 
11 27 1 
10 27 1 
11 27 1 
11 26 1 
12 25 1 
10 27 1 
11 26 1 
10 26 1 
10 27 1 
11 26 1 
11 27 0 
11 26 1 
11 11 1 
11 26 1 
8 26 0 
10 27 0 
10 27 1 
8 23 1 
11 27 1 
10 26 1 
12 23 1 
8 23 1 
10 26 1 
11 27 1 
10 26 1 
10 27 1 
11 26 1 
10 26 1 
8 26 0 
8 23 1 
10 26 1 
12 25 0 
11 27 1 
11 26 1 
11 27 0 
10 27 1 
12 25 1 
10 27 0 
10 27 1 
8 25 0 
11 27 0 
10 27 0 
10 27 1 
10 27 1 
11 26 0 
8 26 0 
12 25 1 
12 25 0 
12 25 1 
12 25 1 
10 27 1 
8 23 1 
8 26 0 
8 23 1 
11 27 0 
10 27 0 
10 27 1 
11 26 1 
12 25 1 
10 26 1 
10 27 1 
11 26 0 
12 25 0 
8 26 1 
13 16 1 
11 26 0 
11 27 0 
10 27 1 
12 25 0 
10 27 1 
11 27 0 
12 25 1 
12 25 1 
12 25 1 
12 26 0 
12 25 1 
12 25 0 
11 27 1 
11 16 0 
10 27 1 
12 21 1 
10 26 0 
10 27 0 
12 23 1 
11 26 1 
10 26 1 
10 27 1 
8 23 1 
10 26 1 
12 25 1 
11 27 1 
10 26 0 
8 23 0 
12 25 0 
11 26 0 
10 26 0 
12 25 1 
11 27 1 
11 26 1 
12 25 1 
8 23 1 
12 25 0 
11 26 0 
9 9 1 
10 27 0 
8 23 1 
10 27 0 
12 25 1 
10 27 0 
12 25 1 
12 24 0 
12 25 0 
10 26 0 
11 27 0 
11 26 0 
10 27 0 
11 27 1 
8 23 0 
10 27 0 
10 27 0 
11 27 1 
10 27 1 
11 26 1 
12 25 0 
12 25 1 
8 23 1 
10 27 0 
12 25 1 
10 27 0 
10 27 1 
10 26 1 
10 27 1 
10 27 0 
10 26 1 
12 25 0 
12 25 1 
11 27 1 
10 27 1 
10 27 1 
10 27 1 
8 23 0 
11 27 0 
10 26 0 
12 13 1 
11 27 1 
11 27 0 
11 26 0 
10 27 0 
10 27 1 
11 27 0 
11 26 1 
11 27 1 
12 25 0 
10 27 1 
10 27 1 
8 23 1 
10 27 1 
8 23 0 
8 23 1 
12 25 0 
10 26 0 
10 27 1 
10 27 1 
12 25 1 
11 27 1 
8 23 0 
12 25 0 
10 27 1 
11 26 1 
10 26 0 
11 27 0 
11 26 0 
11 27 1 
11 26 1 
12 25 1 
8 23 0 
10 27 1 
11 26 1 
10 26 1 
11 27 0 
11 27 0 
10 27 0 
12 25 1 
12 25 1 
11 26 0 
10 26 1 
11 27 0 
10 26 0 
12 25 1 
8 23 1 
12 25 1 
11 27 1 
8 23 0 
10 26 1 
10 27 1 
11 27 0 
11 27 1 
10 26 1 
12 25 0 
12 25 0 
12 25 0 
8 23 0 
12 25 1 
11 27 1 
10 27 1 
12 21 1 
12 13 1 
11 27 1 
11 27 1 
8 23 1 
10 26 1 
8 23 1 
12 25 1 
12 19 1 
11 27 1 
12 25 1 
11 26 0 
8 26 1 
11 16 1 
8 23 1 
11 27 0 
11 27 1 
11 27 1 
10 27 1 
12 25 1 
12 17 0 
10 26 0 
11 27 1 
12 25 1 
8 23 1 
11 27 1 
10 22 0 
12 25 1 
12 25 0 
12 25 0 
11 27 0 
11 27 1 
10 27 0 
8 23 1 
11 27 1 
11 27 1 
11 26 0 
10 27 1 
11 27 1 
11 26 0 
12 25 1 
12 25 1 
11 27 1 
11 27 0 
10 27 0 
11 27 0 
9 9 1 
11 26 0 
10 26 1 
10 27 1 
12 20 1 
11 27 1 
10 27 1 
11 27 1 
11 27 1 
12 25 1 
11 26 1 
11 27 1 
11 26 1 
11 16 0 
11 27 0 
11 27 0 
12 20 0 
11 26 1 
10 12 1 
10 26 0 
11 26 1 
12 25 0 
11 27 1 
10 26 1 
11 27 1 
11 26 1 
12 25 1 
11 27 1 
10 27 0 
10 27 1 
10 27 0 
8 23 1 
11 27 1 
13 22 1 
12 25 1 
12 19 0 
10 26 1 
8 23 0 
10 22 1 
12 25 0 
10 27 1 
10 27 1 
12 25 0 
10 26 0 
8 26 1 
10 26 1 
12 25 0 
8 26 1 
8 26 1 
10 27 0 
11 27 1 
11 26 0 
11 27 1 
12 25 1 
12 25 1 
11 27 1 
8 23 1 
11 13 1 
11 16 0 
10 27 1 
12 25 1 
8 23 1 
12 25 1 
10 27 1 
11 27 0 
9 19 0 
12 25 0 
11 26 0 
12 25 0 
8 23 1 
11 27 0 
10 27 1 
12 25 1 
12 25 0 
11 27 0 
12 25 0 
11 27 1 
11 27 1 
8 26 0 
10 26 0 
10 27 0 
11 27 1 
10 27 1 
10 27 1 
12 25 0 
11 27 1 
10 27 0 
11 27 1 
10 27 0 
10 26 0 
11 27 1 
10 27 0 
10 27 0 
10 26 1 
11 27 1 
11 26 1 
11 27 1 
10 27 1 
10 27 1 
10 27 1 
12 25 1 
12 25 1 
11 27 1 
11 27 0 
8 23 1 
11 26 1 
14 26 1 
11 27 0 
11 26 1 
10 26 1 
11 27 1 
11 27 0 
9 23 1 
9 23 1 
11 27 0 
12 25 1 
12 21 0 
11 27 1 
12 25 1 
10 24 0 
6 11 1 
11 27 1 
11 27 1 
12 20 1 
9 22 0 
11 27 1 
10 27 1 
13 27 0 
8 26 0 
10 27 1 
10 27 0 
11 26 1 
11 27 0 
12 25 1 
11 27 1 
11 27 1 
10 27 1 
11 27 1 
11 27 1 
11 27 1 
11 27 1 
10 27 1 
11 27 1 
11 27 1 
12 25 0 
11 27 0 
11 26 0 
10 27 0 
11 27 1 
10 27 1 
10 22 1 
12 25 1 
11 26 1 
12 25 1 
11 26 0 
10 27 1 
8 23 0 
12 20 0 
12 21 1 
12 23 1 
10 24 1 
11 27 1 
10 26 1 
11 27 1 
10 27 1 
14 28 1 
11 26 1 
10 26 1 
7 25 0 
10 26 1 
11 27 1 
10 27 1 
8 23 0 
12 25 1 
9 9 1 
11 27 1 
10 27 1 
11 27 1 
11 27 1 
11 27 0 
11 27 0 
11 27 1 
12 25 1 
10 27 1 
11 27 1 
12 25 1 
11 27 0 
12 25 1 
11 26 0 
11 27 1 
10 27 0 
11 27 0 
12 25 1 
10 27 1 
12 25 1 
12 25 1 
12 25 1 
10 27 1 
12 25 1 
11 26 0 
10 27 1 
8 26 1 
12 25 1 
12 20 1 
10 27 0 
12 25 1 
12 25 1 
11 27 1 
11 26 0 
12 25 0 
10 26 1 
10 27 1 
11 26 1 
10 26 1 
11 27 1 
12 25 1 
11 26 1 
11 27 0 
10 27 0 
11 27 0 
11 27 0 
12 25 1 
11 26 0 
10 27 1 
11 27 1 
12 25 0 
11 25 1 
11 27 0 
11 27 1 
10 27 0 
11 23 1 
8 23 1 
11 13 0 
12 25 0 
10 27 1 
10 27 1 
12 21 0 
10 27 1 
10 27 0 
10 27 0 
12 25 1 
10 27 1 
10 27 1 
11 27 0 
10 26 1 
10 26 0 
11 26 0 
12 20 1 
10 26 1 
10 27 0 
10 27 1 
10 26 1 
10 27 0 
10 27 1 
10 27 0 
11 26 1 
10 27 0 
10 26 0 
10 26 1 
12 25 1 
10 26 0 
9 23 1 
11 27 0 
10 27 0 
10 26 1 
11 27 1 
11 26 1 
11 27 1 
10 26 0 
11 27 1 
11 25 1 
11 27 0 
10 27 1 
11 26 1 
11 27 1 
9 12 1 
10 27 1 
11 27 0 
12 25 1 
12 25 1 
11 26 1 
10 27 0 
10 27 1 
12 25 1 
10 27 1 
12 25 1 
11 27 1 
10 27 0 
11 27 0 
11 27 0 
11 27 0 
12 25 1 
11 27 1 
12 25 0 
10 27 0 
10 27 1 
12 25 1 
10 27 1 
11 26 1 
12 25 1 
10 27 0 
12 25 1 
11 27 1 
10 27 1 
12 25 0 
12 25 0 
12 25 1 
11 27 0 
11 27 0 
11 27 1 
11 27 1 
14 21 1 
12 20 1 
11 26 0 
11 25 0 
11 27 1 
12 19 1 
10 27 0 
10 27 1 
10 27 1 
11 27 1 
11 27 1 
11 27 1 
12 25 1 
11 27 0 
12 25 1 
8 26 1 
11 25 0 
12 25 0 
10 27 0 
12 25 1 
11 27 0 
11 27 1 
10 27 0 
10 27 0 
12 25 0 
12 26 0 
11 27 1 
11 26 1 
10 27 0 
10 27 1 
12 20 0 
12 23 1 
12 25 1 
11 26 1 
11 27 1 
12 23 1 
10 24 1 
11 27 0 
10 26 0 
10 27 0 
10 27 0 
12 21 1 
10 27 0 
11 26 1 
12 25 1 
12 25 1 
12 26 0 
10 26 1 
10 27 1 
11 27 1 
10 26 1 
13 16 0 
12 25 1 
11 27 1 
10 27 0 
11 27 0 
12 25 1 
13 16 1 
8 26 1 
10 27 1 
10 27 1 
10 9 1 
12 25 1 
11 27 1 
10 27 1 
10 27 1 
11 27 1 
10 9 1 
10 27 0 
7 24 1 
11 26 1 
10 27 1 
12 25 0 
10 27 0 
10 27 1 
11 27 0 
11 25 0 
10 27 1 
10 27 1 
11 27 1 
11 27 1 
11 27 1 
11 27 1 
12 25 1 
10 27 0 
11 27 1 
12 25 1 
11 26 0 
8 26 1 
12 25 1 
11 27 1 
12 25 1 
11 27 1 
11 26 1 
12 25 1 
11 27 1 
12 23 1 
12 26 1 
12 25 1 
11 27 1 
8 26 1 
7 23 1 
12 25 1 
11 27 1 
10 27 0 
12 25 1 
10 27 1 
11 27 1 
11 25 1 
10 9 0 
12 25 0 
11 16 0 
11 27 0 
10 27 1 
12 25 1 
10 27 1 
11 26 0 
11 27 0 
11 27 1 
12 25 1 
11 27 1 
11 27 0 
11 27 0 
11 27 1 
11 27 1 
10 27 1 
11 27 1 
8 26 0 
11 27 0 
12 25 0 
12 25 1 
11 27 0 
12 25 1 
12 25 1 
12 25 1 
11 27 0 
11 27 1 
10 27 1 
12 25 1 
11 27 0 
11 27 1 
11 27 0 
11 27 1 
10 26 1 
11 27 1 
11 27 1 
9 9 1 
11 27 1 
11 25 0 
12 25 1 
10 27 0 
11 27 1 
11 26 0 
12 25 1 
12 25 0 
13 19 1 
11 26 1 
10 26 0 
9 9 1 
12 20 0 
10 27 0 
11 27 0 
6 23 0 
9 9 1 
10 27 0 
11 25 0 
12 21 0 
11 27 1 
11 27 1 
12 25 1 
10 27 0 
11 26 0 
12 25 0 
11 27 1 
12 25 1 
11 26 0 
12 25 0 
12 25 0 
11 27 1 
11 25 0 
11 27 1 
11 26 1 
11 26 1 
10 27 0 
10 27 0 
7 25 0 
11 26 0 
10 26 1 
10 27 1 
11 26 0 
10 27 1 
11 25 1 
13 20 0 
11 27 0 
12 25 0 
11 26 1 
12 25 1 
14 24 0 
10 26 0 
10 27 0 
12 25 1 
12 25 1 
10 27 1 
11 25 0 
11 27 1 
10 27 1 
12 25 0 
10 26 0 
11 27 1 
10 27 1 
10 27 1 
10 26 0 
11 27 0 
10 27 1 
11 27 1 
7 25 0 
11 26 1 
11 26 1 
10 26 1 
10 27 0 
11 26 0 
11 27 1 
11 27 1 
11 26 0 
11 27 1 
11 27 0 
11 27 0 
12 25 1 
10 27 0 
10 27 1 
12 25 1 
11 26 0 
11 26 0 
11 27 0 
12 25 0 
10 27 1 
10 27 1 
10 27 1 
11 26 1 
12 20 0 
11 26 1 
11 27 1 
10 26 0 
10 26 1 
10 27 0 
11 26 1 
11 27 1 
10 28 1 
9 10 0 
10 27 1 
12 25 0 
7 25 1 
11 27 0 
10 26 1 
12 25 0 
11 26 1 
10 27 0 
12 24 1 
11 27 1 
12 25 0 
12 24 1 
12 25 1 
12 25 1 
11 27 1 
11 27 1 
11 27 0 
12 25 0 
10 27 1 
11 27 1 
11 27 0 
10 27 1 
11 27 1 
12 25 1 
11 26 1 
10 26 0 
10 27 0 
12 25 0 
11 27 1 
11 27 1 
11 27 1 
12 25 0 
11 26 0 
12 20 0 
11 27 1 
11 27 1 
11 26 0 
8 24 1 
11 27 1 
12 21 1 
10 26 0 
11 26 0 
11 26 0 
10 27 1 
10 27 1 
11 25 1 
10 27 1 
12 26 0 
11 27 0 
12 25 1 
12 25 1 
10 27 0 
10 26 1 
11 27 0 
10 27 1 
11 25 0 
11 26 1 
10 26 1 
11 26 1 
12 25 0 
10 27 0 
11 26 1 
10 27 1 
12 25 0 
10 27 0 
10 27 0 
11 27 0 
11 27 0 
10 26 1 
11 26 0 
10 26 0 
10 26 0 
11 27 0 
12 26 1 
10 27 0 
11 26 0 
10 27 0 
10 27 0 
12 25 1 
12 25 1 
11 25 0 
11 27 0 
10 27 1 
11 27 0 
11 27 1 
12 25 1 
11 26 1 
11 27 0 
10 27 0 
10 27 1 
11 26 1 
12 25 1 
10 27 0 
10 27 1 
11 26 0 
10 27 0 
11 26 0 
10 27 0 
12 25 0 
8 23 1 
11 27 1 
8 26 1 
11 27 1 
10 27 1 
11 27 0 
11 27 1 
10 27 1 
11 26 0 
12 25 1 
12 25 0 
11 27 0 
11 21 1 
11 27 0 
11 25 0 
12 25 1 
10 27 1 
12 26 0 
10 26 0 
10 27 1 
11 26 1 
11 27 1 
10 24 0 
12 21 1 
7 25 0 
10 26 0 
10 27 1 
11 27 1 
12 25 1 
10 26 1 
13 25 0 
10 26 0 
10 27 1 
11 26 1 
11 27 1 
10 27 1 
10 27 1 
10 27 1 
10 26 1 
12 25 0 
11 26 0 
12 25 0 
9 26 0 
10 27 0 
11 27 1 
11 27 0 
10 27 1 
11 27 0 
11 27 1 
11 26 1 
11 25 1 
10 27 1 
8 24 0 
11 27 1 
10 27 0 
11 27 0 
8 23 1 
11 27 1 
11 26 1 
12 26 0 
10 27 1 
11 25 0 
11 27 0 
9 26 1 
11 27 1 
11 27 1 
11 26 1 
10 27 0 
11 27 0 
10 27 1 
11 27 0 
11 27 0 
12 20 0 
11 27 1 
12 25 0 
12 25 1 
11 27 0 
12 25 1 
10 27 1 
10 27 0 
11 27 1 
10 27 1 
10 27 1 
10 27 1 
10 27 1 
12 25 1 
10 26 1 
10 27 0 
12 20 0 
11 27 1 
11 26 0 
11 26 1 
10 27 1 
10 26 0 
11 26 1 
11 27 0 
10 27 1 
11 27 0 
11 27 0 
10 27 0 
10 27 1 
7 25 1 
12 25 0 
10 26 0 
11 27 1 
7 23 1 
10 27 1 
11 27 1 
11 27 0 
10 26 1 
11 27 1 
11 27 1 
11 27 1 
12 27 1 
10 26 1 
10 27 1 
10 27 1 
10 27 1 
12 25 1 
7 23 1 
11 27 0 
10 27 1 
10 27 1 
11 27 0 
10 27 1 
12 25 1 
12 25 0 
10 27 0 
11 16 1 
11 27 1 
12 25 0 
12 25 0 
7 25 0 
11 26 1 
12 25 1 
10 27 1 
12 25 1 
11 27 0 
8 24 1 
11 26 0 
12 20 1 
10 27 1 
12 25 1 
9 9 0 
11 27 1 
12 25 1 
10 27 0 
10 27 1 
11 26 0 
10 26 0 
10 27 0 
10 27 1 
12 25 1 
11 26 1 
11 27 1 
11 26 1 
11 27 1 
11 27 1 
10 27 1 
7 25 1 
11 27 1 
10 27 0 
12 25 0 
10 26 0 
10 26 0 
12 20 0 
11 26 1 
9 9 1 
11 27 1 
10 26 1 
10 26 0 
10 27 1 
10 27 0 
12 20 1 
10 27 0 
12 20 1 
10 27 1 
10 26 0 
10 26 0 
10 27 1 
10 27 1 
11 26 0 
12 25 1 
12 20 1 
10 27 1 
12 25 1 
11 27 1 
10 27 0 
11 27 1 
10 27 1 
11 27 0 
10 27 1 
10 27 0 
10 27 0 
12 25 0 
12 25 1 
10 27 1 
10 26 1 
11 26 1 
12 25 1 
11 27 1 
10 26 1 
10 27 0 
10 27 0 
11 27 0 
11 27 1 
10 26 0 
10 27 1 
10 27 1 
12 25 1 
10 27 0 
10 26 0 
11 27 1 
11 27 1 
12 25 1 
11 26 1 
11 27 1 
10 27 0 
10 27 1 
10 27 1 
11 27 1 
11 26 1 
12 25 1 
11 27 1 
10 27 0 
10 24 1 
12 25 1 
11 27 0 
10 27 1 
12 25 0 
7 25 1 
10 27 1 
8 22 1 
11 26 1 
11 27 1 
12 25 1 
11 27 1 
10 27 0 
10 27 0 
11 27 0 
11 27 1 
7 25 0 
10 27 0 
11 27 1 
10 26 0 
12 21 1 
11 27 0 
10 26 0 
12 25 0 
12 25 0 
10 27 1 
11 27 1 
11 27 1 
9 25 1 
8 24 0 
11 27 0 
11 27 1 
10 26 1 
12 25 0 
12 25 1 
10 27 0 
11 27 1 
12 25 1 
11 22 1 
11 27 1 
11 27 1 
11 27 0 
11 27 0 
12 25 0 
12 18 1 
11 27 1 
11 16 1 
12 25 1 
10 27 0 
11 26 0 
11 27 0 
10 27 1 
12 20 1 
10 27 1 
10 27 0 
11 27 1 
11 26 1 
11 27 1 
10 27 1 
11 26 0 
11 27 1 
10 27 0 
12 25 1 
11 27 1 
10 27 0 
11 26 1 
12 21 1 
12 25 0 
10 26 0 
13 20 1 
10 27 1 
11 27 0 
11 26 0 
12 25 1 
11 27 1 
10 26 1 
12 25 1 
12 20 0 
11 27 0 
13 20 1 
13 20 1 
10 26 1 
12 25 0 
12 25 0 
11 16 0 
12 25 1 
10 27 0 
11 27 1 
10 27 1 
12 25 1 
10 26 0 
11 26 1 
10 27 1 
10 27 1 
11 27 1 
11 27 1 
10 27 1 
11 27 1 
10 26 1 
10 26 0 
11 27 0 
10 27 1 
12 25 1 
10 27 0 
11 27 0 
9 26 1 
11 26 1 
12 25 0 
11 27 1 
11 27 1 
11 27 0 
12 25 0 
12 25 0 
11 27 1 
10 27 1 
10 27 1 
11 27 1 
10 27 1 
10 27 0 
10 27 1 
8 22 1 
10 26 1 
11 27 0 
12 23 1 
11 27 0 
13 20 1 
10 27 1 
12 25 1 
10 27 1 
12 20 0 
11 26 1 
8 23 0 
10 27 1 
11 27 1 
11 26 0 
11 27 1 
11 26 1 
11 27 1 
11 26 0 
12 20 1 
11 27 1 
11 26 0 
10 27 1 
11 27 0 
11 26 1 
11 27 1 
11 26 0 
12 21 1 
12 20 1 
11 26 1 
11 27 1 
11 27 1 
10 27 0 
12 25 1 
10 27 0 
12 25 1 
10 27 1 
11 27 0 
11 27 1 
10 27 1 
11 27 0 
12 25 1 
10 27 0 
11 26 1 
12 25 0 
11 27 0 
11 27 1 
10 27 1 
11 27 1 
12 20 1 
8 23 1 
10 26 1 
12 26 1 
12 25 1 
11 26 1 
10 27 1 
7 23 1 
11 27 0 
11 26 1 
9 24 0 
10 26 1 
10 27 1 
10 26 1 
12 20 1 
11 27 1 
11 27 1 
10 27 1 
11 27 1 
12 25 1 
11 27 1 
11 27 0 
11 26 1 
11 27 1 
12 26 1 
11 27 1 
11 27 1 
9 23 0 
12 21 0 
7 21 1 
9 23 0 
12 25 1 
11 27 1 
8 23 1 
11 27 1 
11 27 0 
12 25 1 
10 27 0 
11 26 1 
14 25 1 
10 27 0 
11 27 0 
10 27 0 
10 27 1 
11 26 1 
8 26 1 
11 26 0 
11 27 0 
12 26 1 
8 26 0 
12 25 1 
12 25 1 
11 27 0 
11 27 0 
10 27 0 
10 27 1 
8 26 0 
11 27 1 
12 25 0 
12 25 0 
11 27 0 
10 27 0 
9 9 1 
11 27 0 
9 9 0 
12 21 1 
11 27 1 
12 25 1 
13 26 0 
12 25 1 
11 26 0 
11 27 1 
11 27 1 
10 27 0 
12 25 1 
11 27 0 
8 26 0 
11 27 1 
12 25 1 
11 27 0 
8 26 0 
11 26 1 
10 27 1 
10 27 1 
11 27 1 
10 27 1 
10 27 0 
9 9 1 
12 20 1 
10 27 1 
10 26 0 
11 27 1 
10 27 0 
12 25 0 
10 27 1 
10 27 1 
8 26 0 
10 27 0 
6 10 0 
11 26 1 
9 9 1 
12 20 1 
10 26 0 
10 26 0 
12 25 1 
11 27 1 
12 19 1 
11 27 1 
10 27 0 
11 27 1 
9 9 1 
10 27 1 
12 25 1 
12 25 1 
11 26 1 
11 27 1 
11 26 1 
10 27 1 
10 27 1 
12 25 1 
11 27 1 
11 26 1 
11 27 1 
13 26 1 
11 27 1 
10 27 1 
10 27 1 
10 27 1 
11 26 0 
10 24 1 
12 25 1 
11 27 0 
11 27 0 
11 27 1 
11 15 0 
11 27 1 
11 26 1 
11 27 1 
11 16 0 
10 27 1 
11 27 1 
11 26 0 
11 26 1 
11 26 0 
11 27 0 
9 9 1 
11 26 1 
9 9 1 
12 25 1 
10 24 0 
11 25 1 
12 25 1 
11 27 0 
11 27 0 
10 26 1 
12 25 0 
10 26 0 
8 26 0 
10 26 0 
10 27 0 
10 27 0 
12 25 0 
10 26 1 
11 27 1 
12 25 1 
10 27 1 
12 25 1 
8 26 1 
8 26 1 
10 26 1 
12 25 1 
11 27 1 
12 25 1 
11 26 0 
11 26 0 
10 26 0 
11 27 1 
11 27 1 
11 27 0 
11 27 1 
10 26 1 
12 25 1 
10 27 0 
10 27 0 
11 27 0 
10 27 1 
10 27 1 
12 25 0 
12 21 1 
11 26 0 
10 27 0 
11 26 1 
8 26 0 
10 27 0 
10 27 1 
12 25 1 
11 27 1 
12 25 0 
10 27 0 
12 25 1 
10 27 1 
11 27 0 
10 27 1 
11 27 1 
11 27 0 
11 27 0 
10 26 1 
9 23 0 
11 26 1 
8 23 1 
11 26 0 
12 25 1 
8 26 0 
12 25 0 
10 27 1 
11 26 1 
11 19 1 
12 25 1 
10 26 0 
11 27 1 
12 18 1 
11 26 1 
10 27 1 
12 25 0 
11 27 0 
10 24 1 
12 25 1 
11 27 1 
10 27 1 
12 25 0 
10 27 1 
11 27 1 
10 27 1 
11 27 1 
11 27 1 
11 27 1 
8 26 1 
10 27 1 
11 27 1 
11 27 1 
11 27 1 
12 25 0 
11 27 1 
10 27 0 
12 25 1 
11 27 1 
10 26 1 
11 27 1 
10 27 1 
10 26 1 
12 25 0 
11 26 0 
12 25 1 
12 25 0 
11 27 1 
11 27 1 
12 25 0 
10 26 1 
8 24 1 
8 24 1 
10 26 1 
8 23 0 
8 24 0 
10 26 0 
10 26 1 
11 27 1 
12 25 1 
10 26 1 
10 27 0 
11 27 0 
11 26 1 
10 26 1 
10 27 0 
11 26 1 
14 24 1 
12 25 1 
12 25 1 
12 20 0 
12 26 1 
11 26 1 
10 26 1 
12 26 1 
10 26 1 
13 25 1 
13 19 1 
6 25 1 
11 27 0 
12 25 0 
12 25 1 
10 27 0 
8 23 1 
11 27 1 
11 26 1 
7 21 1 
8 23 1 
12 25 1 
10 27 1 
10 26 0 
12 20 1 
10 26 1 
11 26 1 
11 27 1 
11 26 1 
10 27 0 
10 27 1 
11 26 0 
12 25 0 
11 26 0 
10 26 1 
11 27 1 
11 27 0 
11 27 0 
11 27 1 
11 26 1 
11 26 1 
12 25 0 
12 25 0 
12 25 1 
12 25 1 
11 27 1 
12 25 0 
10 27 1 
10 26 1 
11 27 1 
11 27 0 
10 27 1 
11 26 1 
10 27 1 
12 27 1 
12 21 1 
12 25 1 
12 25 0 
10 27 1 
11 26 1 
10 27 1 
11 26 1 
11 27 0 
10 26 1 
11 26 1 
12 25 1 
12 25 1 
11 26 1 
10 27 1 
11 27 1 
10 27 0 
11 27 0 
12 25 1 
12 25 1 
9 9 1 
11 27 1 
11 26 1 
12 21 0 
12 25 1 
12 25 0 
10 24 1 
10 27 0 
10 27 0 
11 27 1 
11 27 0 
12 22 1 
9 9 1 
11 27 1 
6 11 0 
10 27 1 
10 27 1 
12 25 1 
6 11 1 
11 27 0 
12 19 1 
11 27 1 
11 26 1 
11 27 1 
12 19 1 
9 22 1 
12 25 1 
6 11 1 
12 25 1 
12 21 1 
11 27 0 
6 11 1 
10 27 1 
7 23 0 
10 27 0 
12 19 1 
12 25 1 
12 25 1 
12 25 1 
11 27 1 
12 25 1 
10 27 0 
12 25 0 
14 25 1 
10 27 0 
12 25 1 
12 25 0 
12 25 1 
10 27 1 
12 25 1 
12 25 1 
11 26 1 
10 27 0 
12 25 1 
10 27 0 
11 27 1 
10 27 1 
10 27 0 
12 25 1 
10 26 0 
12 25 1 
13 20 1 
12 25 1 
11 26 0 
12 21 1 
10 27 1 
11 26 0 
10 27 0 
12 25 1 
11 27 0 
11 26 1 
10 27 1 
12 25 0 
12 25 1 
10 27 1 
12 21 1 
11 26 1 
12 25 1 
10 27 1 
10 27 0 
12 25 1 
12 25 1 
10 27 0 
12 25 1 
11 27 0 
10 26 1 
11 27 1 
14 21 1 
9 26 0 
12 25 1 
11 27 1 
10 27 1 
11 27 1 
12 25 0 
12 25 1 
12 25 1 
10 27 1 
10 26 1 
10 27 1 
7 25 1 
10 27 0 
11 26 0 
12 25 1 
10 27 0 
11 27 1 
12 25 1 
10 27 1 
10 27 1 
12 25 1 
12 25 1 
12 25 1 
12 25 1 
12 25 1 
12 20 1 
11 27 0 
11 27 0 
10 27 1 
10 27 1 
12 20 0 
11 27 1 
11 27 1 
12 25 1 
10 27 1 
12 25 0 
11 26 0 
10 27 1 
12 25 0 
11 27 1 
9 9 0 
11 27 0 
11 26 1 
11 27 1 
8 23 1 
12 25 1 
10 26 1 
11 26 1 
12 25 0 
12 25 1 
11 27 1 
11 26 0 
12 21 0 
10 26 1 
11 27 0 
10 26 1 
12 25 1 
10 27 1 
11 26 0 
10 27 0 
11 27 0 
11 27 0 
10 27 0 
12 24 0 
12 25 1 
11 27 0 
12 22 1 
12 25 0 
11 26 0 
11 26 1 
11 27 1 
11 27 0 
10 26 1 
10 26 0 
11 27 1 
12 25 1 
10 27 0 
12 25 0 
11 27 1 
10 27 1 
11 26 0 
12 25 1 
11 27 0 
10 26 1 
11 27 1 
13 21 0 
12 25 0 
11 27 1 
11 26 1 
11 27 1 
10 27 0 
11 26 1 
12 25 1 
12 25 1 
12 25 1 
11 26 1 
8 23 1 
11 16 0 
11 26 1 
12 25 0 
11 26 0 
10 27 1 
11 26 0 
10 27 0 
11 27 1 
9 9 1 
12 25 1 
10 26 1 
10 27 1 
11 26 1 
12 25 1 
11 27 0 
8 26 1 
11 27 0 
8 26 0 
12 25 1 
10 26 1 
11 27 0 
11 27 0 
12 25 1 
8 23 0 
11 26 1 
11 26 1 
12 25 0 
10 27 1 
11 26 1 
11 27 1 
10 27 1 
11 27 0 
11 26 1 
11 27 0 
12 25 1 
11 26 0 
10 27 1 
12 19 0 
9 23 0 
10 26 0 
10 27 1 
10 27 0 
12 25 0 
10 27 1 
10 27 1 
11 27 1 
10 27 1 
10 27 1 
10 27 1 
10 26 0 
11 27 1 
11 27 1 
11 27 0 
13 25 1 
12 25 0 
12 25 1 
10 27 1 
10 26 1 
11 26 0 
10 27 0 
10 26 1 
12 25 0 
11 26 1 
11 27 1 
11 27 1 
12 19 0 
11 26 1 
10 27 0 
12 20 0 
10 27 1 
11 26 1 
12 25 0 
12 25 1 
13 26 1 
10 26 1 
11 27 0 
11 27 1 
10 27 1 
10 27 0 
10 27 1 
12 25 1 
10 27 1 
10 26 1 
12 25 1 
12 25 1 
10 26 1 
10 27 0 
11 27 0 
11 26 0 
11 27 1 
11 27 1 
12 25 1 
12 25 1 
11 26 1 
12 19 1 
10 27 0 
10 26 0 
12 25 0 
9 9 1 
12 25 1 
10 27 0 
8 23 1 
11 27 1 
10 27 0 
11 26 1 
10 27 0 
11 26 0 
12 25 1 
11 26 1 
14 28 0 
9 9 1 
10 27 1 
9 9 1 
11 27 1 
11 26 0 
7 23 0 
12 25 0 
10 27 0 
11 27 0 
10 27 1 
10 27 0 
12 25 1 
10 27 1 
12 25 1 
10 27 1 
11 26 0 
10 27 0 
11 26 1 
10 27 0 
10 26 1 
10 27 1 
10 26 0 
11 27 0 
12 25 1 
11 27 1 
11 27 0 
10 27 1 
10 27 1 
11 27 1 
11 27 0 
12 21 0 
11 27 0 
11 26 1 
10 24 1 
11 27 1 
10 24 1 
12 25 1 
12 26 1 
11 26 1 
11 27 1 
10 26 0 
12 25 0 
11 27 0 
10 27 1 
11 27 1 
12 21 0 
10 26 1 
10 27 1 
11 27 1 
12 25 0 
10 27 0 
10 27 0 
12 20 1 
10 27 1 
11 27 0 
11 27 1 
10 27 1 
10 27 1 
10 27 1 
10 27 0 
10 27 1 
10 27 1 
12 25 1 
11 16 1 
10 27 0 
12 25 0 
8 23 0 
12 25 1 
12 25 0 
11 27 0 
12 20 1 
12 25 1 
11 27 1 
10 27 1 
12 21 0 
7 24 0 
10 27 1 
11 27 0 
12 21 1 
11 27 1 
11 27 1 
10 27 1 
10 26 0 
10 27 1 
12 25 0 
12 19 1 
11 27 0 
10 27 0 
11 27 0 
11 26 1 
11 27 0 
11 27 1 
11 27 0 
11 26 1 
11 27 1 
12 25 0 
10 27 1 
10 27 1 
11 27 0 
10 27 1 
10 27 1 
11 26 1 
10 27 1 
12 25 1 
11 27 1 
10 26 1 
10 27 1 
12 25 1 
10 26 1 
12 25 0 
12 25 0 
10 27 1 
10 27 0 
12 19 1 
10 27 0 
12 19 1 
12 21 0 
8 24 0 
12 25 1 
11 27 1 
11 27 0 
12 25 1 
10 27 1 
10 27 1 
12 25 0 
10 26 0 
12 25 0 
8 24 1 
11 27 0 
11 26 0 
12 25 1 
10 26 0 
10 26 1 
12 20 1 
12 25 1 
12 25 1 
10 26 1 
8 24 1 
11 26 0 
13 21 1 
10 27 0 
12 19 0 
11 27 1 
11 26 0 
12 25 1 
10 26 1 
12 21 0 
11 26 1 
12 25 1 
11 27 0 
11 26 1 
11 26 1 
11 27 1 
12 25 0 
12 25 0 
12 25 1 
10 27 0 
11 27 1 
12 21 0 
12 25 1 
8 24 1 
10 27 0 
12 25 0 
12 25 1 
8 24 0 
10 27 0 
12 25 1 
8 24 1 
12 25 1 
10 27 1 
11 27 1 
12 25 1 
12 25 1 
10 27 1 
12 25 1 
10 27 1 
10 27 0 
10 27 1 
10 27 1 
12 25 1 
11 26 0 
12 25 1 
10 27 1 
12 21 0 
11 26 1 
12 20 0 
11 27 1 
12 25 1 
10 27 1 
12 25 1 
11 27 1 
10 27 1 
11 26 0 
10 27 1 
10 27 0 
10 27 0 
11 26 0 
10 26 0 
10 27 1 
10 27 0 
10 27 0 
10 27 1 
12 25 1 
11 27 1 
13 21 0 
10 27 0 
10 27 1 
9 9 1 
12 19 0 
10 27 0 
9 25 1 
11 27 0 
10 27 1 
12 25 1 
11 26 0 
10 26 1 
10 27 1 
10 27 1 
9 25 1 
11 27 1 
12 19 1 
10 27 0 
12 25 0 
10 27 0 
11 27 0 
11 27 1 
11 27 1 
9 9 1 
10 27 1 
10 27 0 
11 27 0 
11 27 1 
11 27 1 
10 27 0 
11 27 1 
11 26 1 
12 25 1 
12 19 0 
10 27 0 
10 26 1 
11 26 0 
10 27 1 
12 25 1 
12 19 1 
10 26 0 
10 27 1 
12 25 1 
11 27 0 
10 27 1 
10 27 1 
11 26 0 
11 27 1 
10 27 1 
10 27 1 
11 27 0 
11 26 1 
10 27 0 
10 27 0 
10 27 0 
7 23 1 
11 27 1 
10 27 0 
12 25 1 
10 26 0 
12 25 0 
8 22 1 
11 26 1 
10 27 0 
11 27 0 
11 26 0 
12 25 1 
8 22 1 
9 9 0 
12 25 0 
10 26 0 
11 27 1 
12 25 1 
11 27 0 
10 22 1 
11 16 1 
10 27 1 
12 25 1 
12 25 0 
10 27 1 
11 27 1 
10 26 1 
10 27 0 
10 27 1 
10 26 1 
12 21 1 
9 9 0 
10 27 1 
11 26 1 
10 27 1 
10 27 1 
10 27 0 
10 27 1 
11 27 1 
11 26 1 
10 27 1 
10 27 1 
11 26 1 
11 26 1 
12 25 0 
12 25 0 
11 27 1 
10 27 1 
12 25 1 
12 26 0 
12 19 1 
12 20 0 
10 27 0 
12 25 1 
10 27 1 
11 27 1 
9 13 1 
10 27 0 
12 19 1 
10 27 1 
12 25 1 
11 27 1 
11 27 0 
12 24 1 
7 25 1 
10 27 1 
10 27 1 
11 22 0 
10 27 0 
12 25 1 
12 25 1 
12 25 1 
11 27 1 
11 27 1 
12 25 0 
10 27 1 
12 25 1 
12 25 0 
12 19 1 
12 25 1 
11 23 0 
10 27 1 
9 13 1 
10 27 0 
7 25 1 
10 27 1 
10 22 1 
12 25 1 
10 27 0 
12 25 0 
12 25 0 
10 27 1 
10 27 0 
12 25 0 
12 25 1 
10 27 0 
10 27 1 
10 27 0 
12 25 0 
12 25 1 
11 27 1 
12 25 1 
10 27 1 
10 27 0 
12 25 0 
10 27 1 
11 26 1 
12 25 0 
12 19 0 
10 27 1 
11 27 0 
10 27 1 
11 27 1 
10 27 1 
9 9 0 
12 25 1 
10 27 1 
11 27 0 
12 19 0 
10 27 1 
12 25 0 
10 27 1 
11 27 1 
11 27 1 
11 27 1 
11 27 1 
10 27 1 
12 25 1 
12 25 1 
12 25 1 
12 25 0 
12 25 0 
11 27 1 
12 25 0 
10 26 1 
12 25 1 
11 27 1 
11 27 1 
11 27 1 
10 27 1 
11 27 1 
12 25 1 
11 27 1 
12 25 1 
12 21 1 
13 21 1 
10 27 1 
12 25 1 
10 27 0 
11 27 1 
9 9 1 
12 25 0 
12 20 1 
10 26 1 
10 27 0 
11 27 1 
12 25 1 
11 27 0 
12 25 1 
10 26 1 
10 24 1 
10 27 1 
10 27 1 
10 27 0 
12 25 1 
12 25 1 
10 26 1 
12 25 1 
12 24 0 
10 27 0 
12 25 1 
10 27 1 
9 9 1 
12 25 1 
11 27 1 
10 27 1 
11 27 1 
11 26 1 
9 10 1 
10 27 1 
10 27 1 
11 27 1 
10 27 1 
11 27 1 
11 27 1 
11 26 0 
11 27 0 
11 26 0 
10 27 1 
12 25 1 
10 27 0 
10 27 1 
7 25 0 
11 27 0 
11 26 0 
12 25 1 
12 19 1 
11 27 1 
10 27 0 
10 27 0 
12 25 1 
11 27 1 
11 27 1 
12 25 1 
11 26 1 
10 27 1 
11 27 1 
12 25 1 
10 27 1 
10 27 1 
10 27 0 
12 19 1 
11 27 0 
11 27 1 
11 27 1 
11 26 1 
11 27 1 
11 27 1 
12 25 0 
10 27 0 
11 27 1 
11 27 0 
11 27 1 
12 25 0 
10 27 0 
10 27 0 
11 27 1 
12 25 1 
12 25 1 
12 25 0 
12 25 0 
10 27 0 
11 27 1 
10 27 1 
10 26 1 
11 27 0 
10 27 0 
12 25 0 
11 27 1 
11 27 1 
12 20 1 
12 25 0 
11 27 1 
12 25 1 
11 27 1 
12 21 0 
13 27 1 
10 27 0 
11 27 1 
11 27 0 
10 26 1 
12 25 0 
12 25 0 
12 25 1 
11 26 1 
10 27 1 
10 27 0 
12 25 1 
11 27 1 
10 27 1 
11 27 1 
11 26 1 
10 27 0 
12 25 0 
11 27 1 
10 26 0 
9 13 1 
10 27 1 
10 27 1 
10 27 1 
11 27 0 
10 27 1 
11 27 1 
12 25 1 
8 23 1 
12 25 0 
11 27 1 
11 27 0 
12 20 1 
11 27 1 
11 27 1 
12 25 0 
11 27 1 
12 25 1 
12 25 1 
11 27 1 
12 25 1 
10 27 1 
12 25 1 
11 27 1 
10 26 1 
10 27 0 
12 25 1 
12 25 0 
10 27 1 
12 20 1 
10 27 0 
10 27 1 
11 27 0 
10 27 0 
11 27 0 
11 27 0 
11 27 0 
12 25 1 
10 27 0 
12 25 1 
12 25 1 
10 27 1 
11 27 1 
11 27 1 
10 27 0 
11 27 1 
11 26 0 
10 27 1 
11 27 1 
12 27 0 
11 27 1 
11 27 1 
10 27 1 
10 27 0 
10 27 0 
11 27 1 
12 25 0 
12 25 1 
12 25 1 
10 26 0 
10 27 0 
11 27 0 
10 26 1 
12 13 0 
11 27 1 
12 19 1 
10 27 1 
11 27 1 
12 25 0 
10 27 1 
11 27 1 
7 25 0 
10 26 1 
11 27 1 
13 25 0 
11 27 1 
11 27 1 
10 27 1 
12 25 1 
12 25 0 
10 27 0 
12 25 0 
10 27 1 
12 25 0 
11 27 0 
11 27 1 
11 27 0 
12 25 0 
11 26 1 
12 20 1 
12 25 1 
12 25 0 
12 25 0 
12 19 1 
11 27 1 
13 25 0 
10 27 1 
10 27 0 
12 25 1 
12 25 1 
10 26 1 
8 24 1 
11 27 1 
10 27 1 
10 26 0 
10 27 0 
10 26 1 
11 27 1 
11 27 1 
12 25 1 
10 27 1 
10 27 1 
12 25 1 
11 27 0 
11 27 0 
9 9 1 
11 27 1 
11 26 0 
10 27 0 
11 27 1 
11 27 0 
11 27 1 
10 27 1 
8 22 0 
12 25 1 
12 25 1 
12 25 0 
11 26 1 
12 25 1 
10 27 1 
11 27 1 
11 27 1 
10 24 1 
11 27 1 
11 27 1 
11 27 1 
11 27 1 
10 26 1 
10 26 1 
10 27 0 
10 27 0 
12 25 1 
12 25 1 
10 26 0 
12 25 0 
12 25 1 
11 27 1 
7 26 0 
12 25 1 
10 27 0 
11 26 0 
11 27 1 
10 27 0 
10 24 0 
11 27 0 
10 27 1 
11 27 0 
12 25 1 
10 27 1 
10 27 0 
10 27 1 
11 26 1 
10 27 1 
11 27 1 
8 8 1 
12 25 1 
11 27 1 
10 27 1 
11 27 1 
10 27 1 
11 27 0 
8 23 1 
11 27 0 
11 26 1 
11 27 1 
11 26 0 
12 21 1 
11 27 1 
10 26 1 
11 27 1 
10 27 1 
9 23 1 
11 27 1 
10 27 0 
12 21 1 
11 27 0 
10 27 0 
10 27 1 
10 24 0 
11 27 1 
10 27 1 
12 25 0 
12 25 0 
10 25 1 
11 27 1 
10 26 1 
12 21 1 
10 27 0 
12 25 1 
10 27 1 
10 27 1 
10 27 1 
11 27 0 
10 27 1 
12 27 1 
8 23 0 
12 25 1 
11 26 0 
10 25 0 
11 27 1 
11 26 1 
11 26 1 
10 27 1 
10 26 1 
11 27 1 
13 25 1 
10 27 0 
12 25 0 
13 25 0 
10 27 0 
11 27 1 
10 27 1 
11 26 1 
12 26 0 
12 25 1 
10 27 0 
10 27 1 
11 27 1 
11 27 1 
11 27 0 
11 26 0 
12 19 0 
10 27 0 
10 27 1 
12 26 0 
11 27 0 
9 25 0 
10 27 1 
10 27 1 
12 25 0 
12 21 1 
11 27 1 
8 23 1 
10 27 1 
12 25 1 
10 27 1 
10 27 1 
11 26 1 
10 27 0 
12 25 1 
11 27 1 
8 23 0 
10 27 0 
12 26 0 
11 27 1 
11 26 0 
11 27 1 
10 27 1 
11 27 0 
12 24 1 
10 27 1 
10 27 0 
11 27 1 
11 26 0 
11 21 1 
10 27 1 
12 25 1 
11 26 0 
12 25 0 
12 25 1 
10 25 0 
10 26 0 
12 25 1 
10 27 1 
11 26 0 
12 25 1 
10 27 1 
10 27 1 
10 27 0 
12 17 0 
10 27 0 
10 27 0 
10 27 0 
10 26 1 
9 25 0 
10 27 1 
11 27 1 
11 27 0 
10 27 0 
10 27 1 
10 27 1 
11 27 1 
12 25 1 
11 27 0 
12 25 1 
11 27 1 
10 27 1 
12 25 0 
11 16 0 
12 21 0 
12 25 0 
10 27 0 
11 27 0 
8 22 0 
6 11 0 
10 27 0 
10 26 1 
10 27 0 
12 25 1 
11 27 1 
10 22 1 
11 26 0 
12 25 1 
11 27 1 
11 27 1 
8 22 1 
9 25 0 
10 26 1 
10 27 1 
14 25 0 
10 27 1 
11 27 1 
10 27 1 
12 25 0 
11 27 1 
12 25 1 
10 27 1 
11 27 0 
12 25 1 
10 27 1 
10 26 1 
13 25 1 
10 27 0 
10 12 1 
10 27 1 
11 27 1 
10 27 0 
10 26 0 
10 27 0 
11 26 0 
10 22 1 
12 25 1 
11 27 0 
11 27 1 
11 26 0 
12 25 1 
10 26 1 
10 27 1 
10 27 1 
12 25 1 
9 25 0 
10 26 1 
12 25 0 
11 26 0 
11 26 1 
11 27 0 
10 26 1 
12 25 1 
12 25 0 
10 26 1 
11 27 0 
10 27 1 
11 27 1 
11 26 1 
12 25 0 
10 26 1 
8 26 1 
10 27 0 
10 26 1 
10 26 0 
10 27 1 
8 26 1 
12 25 1 
12 26 1 
11 26 1 
10 27 0 
9 9 0 
10 27 0 
10 27 0 
11 27 0 
10 26 1 
11 16 1 
10 27 1 
10 27 1 
11 27 0 
11 27 1 
10 27 0 
11 27 1 
10 27 1 
8 26 1 
11 26 1 
10 26 1 
11 26 1 
8 23 0 
10 27 1 
11 16 0 
10 27 1 
10 27 1 
7 26 1 
11 26 1 
10 26 1 
10 27 1 
11 27 0 
10 27 0 
12 25 1 
10 26 0 
10 26 0 
11 26 1 
12 25 1 
11 27 1 
12 25 1 
10 27 1 
10 26 1 
12 25 1 
10 27 1 
14 15 0 
11 27 1 
10 27 0 
10 27 1 
12 21 1 
10 27 1 
12 25 0 
11 27 1 
10 27 1 
11 27 0 
12 25 1 
11 27 0 
12 20 1 
12 25 1 
11 27 1 
11 27 1 
11 27 0 
11 26 1 
10 26 1 
11 27 0 
11 27 0 
12 25 1 
10 27 1 
12 25 1 
11 27 0 
10 27 1 
11 26 1 
10 27 1 
10 27 1 
11 27 1 
12 25 1 
12 25 0 
10 27 0 
12 25 1 
11 27 1 
11 27 1 
12 25 1 
11 16 0 
11 26 0 
10 27 1 
11 25 0 
10 27 1 
11 27 1 
10 27 0 
9 9 0 
10 27 1 
11 27 0 
9 25 1 
10 27 0 
11 26 1 
11 27 1 
11 27 0 
11 26 1 
11 27 0 
10 23 1 
11 27 1 
10 27 1 
12 25 1 
10 26 0 
10 26 0 
12 25 0 
11 27 1 
10 27 1 
12 26 1 
7 23 0 
11 26 1 
10 27 1 
12 25 0 
10 27 0 
11 26 1 
11 27 1 
11 27 1 
10 27 1 
11 27 1 
10 26 0 
11 27 1 
10 27 1 
12 25 0 
10 27 0 
10 27 0 
11 27 1 
10 27 1 
11 27 0 
11 27 1 
10 27 1 
8 24 1 
11 16 1 
12 25 1 
10 27 1 
11 27 1 
9 9 0 
8 24 0 
11 27 1 
10 27 1 
11 27 1 
11 27 1 
12 26 1 
10 27 1 
10 27 1 
8 23 1 
11 27 0 
10 27 1 
8 24 0 
10 26 0 
11 27 1 
10 24 1 
8 25 0 
10 27 0 
12 25 0 
11 27 0 
12 25 1 
11 27 0 
10 27 0 
12 25 0 
11 27 0 
12 25 0 
10 24 1 
10 26 0 
10 27 1 
11 27 1 
12 25 1 
11 26 1 
10 27 0 
12 25 1 
12 19 1 
11 27 1 
10 27 0 
12 25 1 
11 27 1 
12 25 1 
12 25 1 
10 27 1 
10 27 0 
12 19 1 
10 26 1 
11 27 1 
11 26 0 
11 27 1 
12 25 0 
10 27 1 
9 10 0 
11 27 0 
11 27 0 
10 27 0 
12 25 0 
10 27 0 
10 26 1 
7 23 1 
10 27 1 
10 27 1 
11 27 1 
11 26 1 
12 25 1 
11 27 1 
8 24 1 
12 25 1 
10 27 1 
10 27 1 
10 26 1 
10 27 0 
12 25 1 
11 27 1 
11 27 1 
12 25 0 
11 26 0 
12 19 0 
10 27 0 
11 26 0 
11 26 1 
10 26 0 
10 27 1 
10 27 0 
11 27 1 
7 23 1 
10 27 1 
12 25 1 
10 27 0 
10 27 1 
12 20 0 
8 26 0 
10 27 1 
12 19 0 
10 27 1 
11 27 1 
12 25 0 
12 25 1 
12 25 1 
12 25 0 
12 20 1 
11 27 1 
11 27 1 
8 25 1 
10 27 0 
10 27 1 
9 9 1 
10 27 1 
11 27 0 
11 26 1 
10 27 1 
11 27 0 
12 25 0 
14 25 0 
13 25 0 
12 25 0 
11 27 0 
10 27 0 
13 25 1 
11 27 0 
10 27 0 
11 27 0 
10 27 1 
12 25 0 
11 26 1 
12 25 0 
12 25 1 
10 26 1 
10 27 1 
10 26 1 
11 27 0 
10 27 1 
12 21 0 
11 26 0 
12 21 1 
11 27 0 
10 27 1 
11 26 1 
12 21 0 
10 27 1 
10 26 0 
10 27 0 
11 27 1 
10 27 0 
10 27 1 
11 27 0 
10 24 1 
10 27 1 
10 27 1 
10 27 1 
10 26 1 
12 13 0 
11 26 1 
10 27 1 
12 25 1 
10 27 0 
11 27 1 
12 25 0 
10 27 0 
11 27 1 
11 27 0 
10 27 0 
12 25 1 
12 25 1 
10 26 1 
12 21 0 
11 27 0 
8 26 0 
12 25 0 
10 27 1 
10 27 1 
10 27 0 
12 25 1 
10 27 1 
13 25 1 
10 26 1 
10 27 1 
11 16 0 
13 23 0 
10 27 1 
12 25 1 
7 23 1 
12 25 1 
12 26 0 
11 27 0 
10 27 0 
12 25 0 
11 27 1 
10 27 0 
11 27 0 
12 25 1 
11 26 0 
11 26 1 
12 25 0 
12 25 1 
10 27 0 
10 27 1 
11 26 1 
11 26 1 
11 27 0 
10 26 1 
10 27 0 
11 26 0 
12 25 0 
10 27 0 
11 27 1 
12 19 0 
11 27 0 
10 26 1 
10 27 0 
11 26 0 
12 25 1 
11 27 1 
12 21 0 
10 27 1 
11 27 0 
12 25 1 
11 27 1 
10 26 1 
11 27 0 
9 9 1 
10 26 1 
12 25 1 
10 27 1 
12 25 1 
11 27 1 
11 26 0 
11 26 1 
10 27 0 
7 18 1 
11 26 0 
11 26 1 
13 25 1 
10 27 1 
11 27 0 
9 9 1 
10 27 0 
12 25 1 
10 24 1 
12 25 1 
11 26 1 
10 27 0 
10 27 1 
11 25 1 
12 19 0 
12 25 1 
10 27 1 
10 27 0 
11 26 1 
12 25 1 
11 26 0 
12 20 1 
10 27 1 
12 25 1 
11 27 1 
11 26 0 
12 25 0 
10 26 1 
11 27 1 
10 24 0 
12 25 1 
11 26 0 
12 19 1 
11 27 0 
7 22 0 
11 26 1 
11 27 1 
10 26 1 
11 27 1 
10 27 0 
12 25 1 
11 26 0 
11 26 1 
11 27 1 
10 27 0 
12 25 1 
12 13 1 
11 27 1 
11 27 1 
10 27 0 
11 27 1 
11 27 1 
11 27 1 
11 27 0 
12 19 1 
10 24 0 
11 27 0 
10 26 1 
12 19 1 
11 27 0 
10 27 0 
10 27 0 
10 27 0 
12 25 0 
11 27 1 
11 27 1 
12 25 1 
10 26 1 
11 27 0 
12 25 0 
11 27 0 
12 19 1 
11 27 1 
10 26 1 
10 27 1 
10 27 1 
11 27 0 
11 27 0 
12 25 1 
11 27 0 
11 27 0 
11 27 1 
11 27 1 
12 25 1 
11 27 1 
10 27 1 
11 27 0 
10 27 1 
11 27 0 
12 25 1 
11 27 1 
10 27 1 
12 21 1 
10 26 1 
10 26 1 
12 25 1 
14 15 0 
10 20 1 
12 25 1 
11 27 1 
10 27 1 
10 27 1 
10 24 0 
10 26 0 
11 27 1 
11 27 1 
10 27 1 
10 27 1 
10 27 0 
11 27 1 
11 27 1 
14 15 1 
10 26 1 
11 27 0 
8 26 0 
10 27 1 
12 26 1 
10 27 1 
11 27 1 
11 26 0 
11 27 0 
11 27 1 
11 27 0 
12 25 1 
10 27 0 
11 27 1 
11 13 1 
10 27 0 
11 26 0 
10 27 1 
11 27 0 
10 27 1 
10 27 1 
11 27 1 
11 27 1 
12 25 1 
10 27 1 
11 27 1 
11 27 1 
11 27 1 
12 25 1 
12 25 0 
10 26 1 
10 26 0 
11 27 1 
11 26 1 
11 27 0 
10 26 0 
11 27 1 
11 26 0 
10 26 0 
12 25 1 
11 27 0 
12 25 1 
11 27 1 
12 25 1 
8 24 1 
10 27 1 
11 27 1 
11 27 1 
8 24 1 
12 25 1 
12 25 1 
12 25 1 
10 27 1 
12 25 1 
10 27 1 
11 26 0 
10 27 0 
10 27 1 
13 21 1 
11 26 0 
11 26 1 
11 16 0 
10 27 0 
9 10 0 
11 26 1 
11 25 1 
14 28 1 
12 24 1 
11 27 1 
12 25 0 
10 27 0 
6 24 1 
11 26 1 
11 25 1 
11 26 1 
11 26 0 
12 25 1 
10 27 0 
10 27 1 
11 27 1 
10 27 1 
11 27 1 
11 27 1 
12 25 1 
8 23 1 
12 25 1 
12 26 1 
10 27 1 
10 27 0 
11 26 0 
11 26 1 
12 21 1 
12 25 1 
10 27 1 
12 25 1 
11 22 0 
12 26 0 
10 27 1 
10 27 1 
10 27 0 
10 27 1 
10 27 1 
13 25 1 
11 25 1 
11 27 1 
11 27 0 
10 27 0 
11 26 0 
12 25 0 
12 25 1 
10 26 0 
12 25 1 
10 26 1 
8 23 1 
10 27 0 
8 23 0 
12 25 0 
12 25 1 
12 25 1 
11 27 1 
11 26 0 
12 25 1 
11 27 1 
12 25 0 
8 23 1 
11 27 1 
10 26 0 
12 25 1 
11 27 1 
10 27 1 
12 13 1 
10 26 1 
11 26 1 
11 27 0 
10 26 1 
12 25 0 
12 25 0 
11 26 1 
11 27 0 
10 27 1 
10 27 0 
10 27 1 
10 26 1 
12 25 1 
12 25 1 
11 27 1 
12 26 1 
11 27 1 
13 25 0 
8 23 0 
10 27 1 
11 27 0 
12 25 1 
11 22 1 
11 27 1 
12 25 0 
12 25 1 
8 23 1 
11 26 0 
11 26 1 
11 26 0 
10 27 1 
10 26 1 
10 27 1 
10 27 1 
11 27 1 
10 26 1 
10 27 1 
12 20 1 
12 21 1 
10 27 0 
11 26 1 
12 25 0 
10 27 1 
10 26 0 
11 26 1 
10 27 1 
8 23 1 
10 27 0 
12 25 1 
8 23 1 
12 25 1 
11 16 1 
12 25 0 
12 25 1 
11 27 1 
8 26 1 
12 25 0 
10 27 1 
11 26 0 
10 27 0 
10 27 1 
11 26 1 
11 26 0 
12 25 1 
12 25 0 
10 27 1 
10 27 1 
11 26 1 
7 26 1 
8 23 1 
11 22 1 
10 26 0 
12 25 0 
10 26 1 
6 11 1 
10 26 1 
10 25 0 
10 26 0 
11 26 1 
11 27 1 
10 27 1 
10 26 1 
8 23 1 
10 27 1 
11 27 1 
12 21 0 
10 27 0 
6 11 1 
10 27 0 
10 27 0 
10 26 0 
11 26 1 
10 26 0 
14 23 1 
12 25 1 
10 25 1 
10 27 0 
11 27 1 
10 26 0 
12 25 1 
10 27 0 
8 23 1 
11 27 0 
7 23 1 
11 27 0 
10 26 1 
10 26 0 
8 23 1 
10 25 1 
10 25 0 
12 25 0 
11 27 1 
12 25 1 
10 26 1 
11 26 0 
12 25 0 
10 25 1 
10 26 1 
12 25 1 
10 27 1 
11 26 1 
12 25 1 
10 26 1 
11 27 0 
10 27 1 
13 20 1 
11 27 1 
11 27 0 
12 21 1 
10 26 1 
12 25 1 
11 27 0 
10 27 0 
12 20 0 
11 27 1 
12 25 0 
10 26 1 
10 26 1 
11 27 0 
12 26 0 
10 26 1 
12 25 1 
12 25 0 
10 27 1 
12 25 1 
10 27 1 
11 27 0 
11 27 0 
12 25 1 
10 26 0 
10 26 1 
10 27 1 
12 25 1 
11 27 0 
12 25 1 
10 27 1 
10 27 1 
10 27 1 
11 26 1 
10 27 1 
11 27 1 
11 27 0 
10 27 1 
11 27 1 
12 25 0 
10 26 0 
10 24 0 
12 25 1 
11 26 1 
10 27 1 
11 27 1 
11 26 0 
12 24 0 
11 27 0 
12 25 1 
11 25 1 
12 25 1 
12 25 1 
10 26 1 
11 27 1 
11 27 0 
11 26 0 
12 26 1 
10 27 1 
11 26 0 
8 26 1 
11 27 0 
11 27 1 
10 27 1 
12 13 0 
12 25 1 
11 21 0 
12 25 1 
10 27 1 
11 27 0 
10 26 1 
12 25 0 
10 27 1 
10 27 0 
10 27 1 
12 25 1 
12 25 0 
10 26 1 
11 27 1 
11 27 1 
12 25 1 
12 25 1 
12 25 1 
11 27 1 
11 27 1 
12 25 0 
11 27 0 
11 27 0 
10 26 1 
11 27 1 
12 25 0 
10 27 1 
10 26 1 
11 27 1 
12 25 1 
10 24 0 
11 27 1 
10 27 0 
10 27 1 
11 27 1 
11 27 1 
11 27 1 
12 25 0 
11 27 1 
10 26 1 
10 27 1 
10 26 1 
12 25 1 
10 27 1 
11 26 0 
12 25 0 
12 25 1 
10 26 1 
10 26 1 
12 20 0 
11 27 1 
12 25 1 
11 26 0 
8 24 1 
12 25 0 
11 27 0 
12 25 1 
10 27 1 
11 27 1 
8 25 0 
11 27 1 
12 25 0 
12 25 1 
12 21 1 
11 27 1 
10 27 0 
11 27 0 
10 27 0 
8 23 1 
10 26 0 
10 26 0 
8 26 1 
11 27 1 
10 26 1 
10 27 1 
11 27 0 
12 25 0 
11 27 1 
13 25 0 
11 26 0 
10 26 1 
12 25 0 
12 25 0 
11 26 1 
10 26 1 
10 27 0 
8 23 1 
11 27 1 
11 27 0 
10 27 1 
8 23 1 
12 25 1 
12 25 1 
12 25 0 
10 26 1 
11 27 1 
8 21 1 
11 26 1 
10 26 1 
12 25 1 
11 26 0 
11 27 1 
10 27 0 
12 27 1 
8 26 0 
10 27 0 
6 23 1 
10 27 1 
10 27 0 
10 22 1 
11 27 1 
11 27 1 
9 9 0 
11 27 1 
12 25 1 
10 27 1 
10 27 0 
12 25 0 
11 27 1 
12 25 0 
11 26 1 
11 27 1 
11 26 1 
11 27 1 
10 26 0 
11 27 1 
11 27 1 
11 26 0 
11 27 1 
12 18 1 
11 27 1 
10 26 1 
9 9 1 
11 27 1 
6 23 1 
11 27 1 
11 27 1 
11 27 0 
8 23 0 
10 27 1 
7 22 0 
14 28 0 
12 25 0 
12 27 1 
11 27 1 
10 27 1 
10 27 1 
7 22 0 
12 25 1 
10 27 1 
11 26 1 
9 9 1 
11 27 1 
11 26 1 
10 27 1 
11 27 1 
11 27 1 
12 20 1 
10 27 1 
12 25 1 
11 26 1 
11 27 1 
10 27 1 
10 27 0 
12 25 1 
12 25 1 
12 25 1 
10 26 1 
12 25 1 
12 21 0 
11 27 0 
11 27 1 
12 20 1 
11 27 1 
11 27 1 
11 26 1 
12 21 0 
10 27 0 
10 26 0 
11 27 0 
10 27 1 
10 26 1 
12 25 0 
11 26 1 
11 15 1 
10 27 1 
10 27 1 
10 26 1 
10 27 1 
11 27 0 
12 25 1 
11 26 1 
10 27 0 
10 27 0 
11 26 0 
10 26 1 
10 27 1 
12 25 0 
11 26 1 
10 27 1 
8 23 1 
10 27 1 
10 26 1 
11 27 1 
11 27 1 
11 27 0 
10 27 1 
10 26 1 
10 27 1 
11 26 0 
10 27 1 
10 27 1 
11 27 0 
10 27 0 
11 27 1 
10 26 1 
10 26 1 
11 27 1 
11 26 0 
11 27 0 
12 25 1 
12 25 1 
11 26 0 
11 26 0 
11 27 1 
10 27 1 
12 13 1 
10 27 1 
12 25 0 
12 20 0 
10 27 1 
11 26 1 
11 26 0 
10 27 0 
12 25 1 
11 27 0 
11 26 0 
10 27 1 
12 25 1 
11 27 0 
10 27 1 
10 26 1 
11 27 0 
10 26 0 
11 26 1 
10 27 0 
10 26 0 
10 26 1 
10 27 0 
11 26 0 
10 26 0 
10 27 1 
12 25 1 
11 27 0 
11 27 1 
11 26 1 
13 20 1 
11 27 0 
8 26 0 
11 27 1 
12 25 1 
11 26 1 
11 27 1 
10 27 1 
8 26 0 
11 26 1 
11 27 1 
11 27 0 
12 13 1 
11 26 1 
12 25 1 
11 27 1 
10 27 1 
10 26 1 
12 25 1 
12 25 0 
12 25 1 
9 9 1 
10 27 1 
12 25 1 
12 25 1 
11 26 0 
10 27 0 
12 21 0 
12 25 1 
12 25 0 
11 27 0 
12 25 0 
9 10 1 
10 26 1 
8 26 1 
11 26 0 
10 27 1 
12 26 1 
12 25 1 
11 27 1 
12 25 1 
12 25 0 
12 25 1 
12 26 1 
10 27 1 
11 27 0 
10 27 0 
10 27 1 
11 27 1 
10 27 0 
10 27 0 
11 27 1 
10 24 1 
11 27 0 
12 25 1 
11 26 0 
11 27 0 
10 27 0 
11 26 1 
10 27 0 
11 27 1 
12 25 1 
11 26 0 
11 27 1 
11 26 0 
12 25 1 
12 25 1 
12 25 0 
10 27 1 
12 25 1 
11 27 1 
10 27 1 
12 25 0 
11 27 0 
11 27 1 
12 25 1 
12 25 1 
12 25 0 
12 25 0 
12 25 1 
12 25 0 
12 25 1 
10 26 1 
11 27 1 
12 25 1 
11 27 0 
11 26 0 
11 27 0 
11 9 1 
12 25 0 
12 13 1 
8 23 1 
11 27 1 
12 25 1 
11 26 0 
11 27 1 
12 20 1 
10 27 0 
11 27 1 
11 26 0 
11 26 1 
10 27 1 
10 26 1 
10 27 0 
11 27 1 
12 25 0 
8 23 1 
10 27 0 
12 13 1 
12 13 1 
10 27 0 
12 25 1 
12 25 0 
11 27 0 
11 27 0 
11 27 1 
13 14 0 
11 26 1 
12 25 1 
10 27 0 
12 21 0 
11 26 1 
11 26 1 
11 26 1 
8 23 0 
12 25 0 
10 26 0 
10 27 0 
12 21 1 
11 27 1 
11 27 0 
12 25 1 
10 27 1 
8 23 0 
8 26 1 
11 26 1 
10 27 1 
11 27 0 
12 25 0 
12 25 1 
12 25 1 
11 27 0 
11 27 0 
12 25 0 
11 26 0 
10 27 1 
12 25 1 
10 27 1 
10 27 0 
11 27 0 
10 27 1 
12 25 0 
11 27 0 
12 25 1 
10 27 1 
11 26 1 
11 27 1 
12 25 0 
10 27 1 
8 25 1 
10 27 0 
11 26 0 
10 27 1 
13 20 0 
10 26 1 
11 27 0 
11 27 0 
12 25 0 
12 25 1 
10 27 0 
11 27 0 
11 27 1 
11 26 0 
11 26 0 
7 25 1 
12 25 0 
12 26 0 
13 20 1 
12 25 1 
11 27 0 
11 26 1 
11 26 0 
13 25 0 
11 27 1 
10 27 0 
10 27 0 
12 25 1 
11 26 1 
11 26 1 
11 26 1 
10 27 1 
11 26 1 
11 27 1 
12 25 1 
12 25 0 
7 22 0 
12 25 1 
10 27 1 
12 25 1 
11 26 0 
10 26 1 
10 27 0 
12 25 1 
12 25 1 
12 25 1 
11 26 1 
12 25 0 
12 25 0 
11 27 0 
11 27 1 
12 25 1 
10 27 1 
11 27 1 
12 25 1 
11 27 0 
11 27 0 
10 27 0 
10 27 1 
12 21 1 
10 27 1 
11 26 0 
10 27 0 
10 24 1 
12 20 1 
11 27 0 
10 27 1 
11 27 1 
11 27 1 
13 23 0 
12 25 1 
12 25 0 
11 26 0 
13 18 1 
10 27 1 
11 26 1 
12 25 0 
12 25 0 
11 26 1 
12 25 0 
11 27 1 
10 27 1 
12 25 0 
10 27 1 
11 27 0 
11 27 1 
11 26 1 
11 27 1 
10 27 0 
11 27 1 
11 27 1 
11 27 1 
12 25 1 
12 21 0 
11 26 1 
11 26 0 
10 27 0 
11 27 1 
7 26 1 
11 26 1 
11 27 0 
10 27 1 
11 27 1 
10 26 1 
12 19 1 
11 26 1 
11 26 0 
11 27 0 
11 27 1 
11 26 0 
12 25 1 
12 21 0 
12 25 1 
10 26 0 
12 21 0 
10 27 0 
9 9 1 
11 26 1 
10 27 0 
11 26 0 
8 23 0 
11 26 1 
12 25 1 
10 27 1 
11 27 1 
11 27 1 
10 27 1 
11 26 1 
10 27 1 
10 27 0 
11 27 1 
13 23 0 
11 26 1 
11 27 1 
13 23 1 
11 26 0 
11 27 1 
10 27 0 
12 25 0 
10 27 1 
11 27 1 
11 26 1 
11 27 1 
10 27 1 
12 20 0 
10 27 0 
10 27 1 
11 26 0 
11 26 1 
10 27 1 
12 20 1 
11 26 1 
10 27 0 
11 27 1 
10 27 0 
12 23 0 
10 27 0 
10 27 0 
12 25 1 
11 27 1 
12 20 0 
11 26 0 
12 21 0 
13 25 1 
11 27 1 
10 27 0 
11 27 1 
12 21 1 
10 27 1 
11 27 0 
10 24 1 
12 25 1 
11 26 1 
11 26 0 
11 27 1 
12 25 1 
11 16 1 
12 25 1 
11 27 0 
9 9 1 
11 16 1 
12 20 1 
11 27 0 
10 27 1 
10 27 1 
10 27 0 
11 27 1 
10 26 0 
11 27 0 
10 27 0 
11 27 1 
11 26 1 
12 24 1 
11 27 1 
11 24 1 
11 27 0 
11 27 0 
8 26 0 
10 27 0 
12 25 1 
12 25 1 
11 26 0 
12 25 1 
10 27 0 
12 21 1 
11 27 1 
12 21 0 
10 27 0 
12 24 0 
10 27 1 
11 27 0 
10 27 1 
11 27 0 
12 21 0 
10 27 1 
12 25 0 
12 21 0 
11 27 0 
10 27 0 
8 24 0 
10 27 1 
10 27 1 
11 27 1 
12 25 1 
11 27 0 
12 25 0 
10 27 0 
11 26 0 
10 27 0 
12 25 0 
11 27 1 
11 26 0 
12 25 1 
12 25 1 
12 20 1 
10 27 0 
11 27 1 
10 27 1 
12 20 1 
10 27 0 
8 23 1 
11 27 1 
12 25 0 
8 24 1 
12 25 0 
11 27 1 
12 21 0 
10 27 1 
10 27 0 
12 27 1 
10 27 0 
12 25 0
