8 25 0 
8 25 0 
9 9 0 
9 9 0 
9 9 0 
9 9 0 
10 26 0 
10 26 0 
10 26 1 
10 26 1 
10 27 0 
10 27 1 
10 27 0 
10 27 0 
10 27 1 
10 27 1 
10 27 0 
10 27 1 
11 16 1 
11 16 1 
11 26 0 
11 26 0 
11 27 0 
11 27 1 
11 27 1 
11 27 1 
11 27 0 
11 27 1 
11 27 0 
11 27 1 
11 27 0 
11 27 1 
11 27 0 
12 20 0 
12 20 0 
12 20 1 
12 20 1 
12 21 1 
12 21 1 
12 25 1 
12 25 1 
12 25 0 
12 25 0 
12 25 1 
12 25 1 
12 25 1 
12 25 1 
12 25 1 
12 25 1 
12 25 0 
12 25 0 
13 27 0 
13 27 0